-994577346
-973171416
-967639894
-958418894
-955207099
-849220820
-831381013
-809219053
-802741328
-792891329
-792507462
-782069481
-724291135
-693294949
-692105528
-686813134
-680339092
-654338442
-650318334
-639331243
-636385985
-633000553
-577710053
-573948359
-560039036
-542928117
-523476258
-509488473
-487015326
-482725194
-454181805
-427298137
-415554205
-397547070
-342265298
-329698227
-328972833
-316108207
-312133181
-279126238
-266704178
-264084608
-259490474
-256443866
-225258807
-219385857
-187673606
-186192076
-182322503
-176886066
-161501763
-116635900
-94467914
-89522634
-70631788
-60386255
40484578
101000096
103849293
105457723
116100473
165801981
168780195
198678039
205495706
232184386
247479042
324675053
336818586
352369288
354100867
365906461
374961657
382094726
393701925
396762299
440126518
452572497
460319161
475693171
482087449
498118014
513816888
550439278
552544905
554161909
592661488
612551367
663767263
750855588
781778207
801109805
840640779
861717425
881176653
883919945
910004381
920145522
924635433
947085727
