374961657
-176886066
612551367
-397547070
-577710053
-328972833
-573948359
-427298137
-809219053
-342265298
-225258807
-639331243
-523476258
396762299
-70631788
-415554205
-782069481
-680339092
861717425
-849220820
-187673606
-724291135
-259490474
-509488473
920145522
-454181805
-692105528
947085727
103849293
382094726
-186192076
-693294949
-264084608
-633000553
-686813134
552544905
-94467914
352369288
550439278
440126518
-955207099
198678039
247479042
663767263
460319161
910004381
-802741328
324675053
498118014
-312133181
165801981
-654338442
-650318334
354100867
-329698227
-967639894
393701925
-266704178
-256443866
40484578
475693171
-482725194
-958418894
-792507462
-487015326
-161501763
-560039036
-60386255
232184386
365906461
101000096
-219385857
336818586
592661488
105457723
883919945
750855588
-792891329
-831381013
513816888
801109805
-89522634
881176653
116100473
168780195
-316108207
205495706
-636385985
-182322503
781778207
840640779
482087449
924635433
-279126238
452572497
554161909
-994577346
-542928117
-116635900
-973171416