1970
4514
242
6951
1296
8849
166
4756
1284
2877
5819
5820
2874
2573
9186
6105
5043
4384
6809
4532
4857
5087
121
6355
8535
8424
8764
6452
5099
4329
4854
1946
163
566
7385
7801
8355
3150
4622
7908
7160
1053
6607
2935
4150
5170
988
2100
4691
9289
8623
2674
4445
5597
7976
8993
1576
1702
6023
8139
5629
2965
2457
3132
4856
9636
2822
8766
5287
3947
1008
6641
3100
7769
9740
5331
1379
3230
7166
7967
8419
1966
4151
4134
3511
4322
3271
5016
7673
1829
8532
425
5658
13
3185
3451
7870
6896
6654
1233
4113
2411
8860
9429
8932
2085
2409
9150
7626
3310
6796
3804
4250
7879
1201
1777
8754
7206
3843
562
9425
7000
3696
9954
3979
5779
682
9974
4021
5298
7891
5669
277
8726
8101
6314
9461
5626
6124
1164
3287
1924
4698
615
8903
1999
2749
9521
8305
1379
1952
7216
2231
8686
588
3883
1616
4952
7156
8201
6797
761
9531
1101
2671
364
4546
8052
5560
8576
7918
7980
9647
3499
7963
537
7865
6015
3188
4438
6322
624
3131
1773
4812
2420
8289
9249
8203
4033
1294
8737
6074
9325
734
9608
4507
5674
335
2749
4732
8471
973
2121
6013
7216
1138
6040
2470
8683
3055
7310
3572
9249
6482
2711
9728
666
912
3182
7441
4333
6023
1907
6940
1824
8854
5450
2446
7385
6534
1770
8538
276
4800
7639
1641
604
2267
1285
6305
2205
1919
789
6914
8267
9786
9100
5237
6802
3608
7254
9665
606
6725
9238
3535
7830
7790
9401
5999
869
7739
4698
8670
9819
4764
8575
8321
3266
2876
2961
9317
3703
6281
6707
7146
3542
5206
9419
9724
1906
429
6242
8270
2974
1411
6569
6790
1250
3667
7762
9734
7471
5244
8289
4546
7711
9703
6395
7995
1658
4747
4994
5876
6227
8784
3643
8265
903
2603
318
8971
5094
2471
2496
6400
2013
1957
9632
5486
5773
1881
6375
3522
4914
590
5066
2426
9316
9042
3550
3538
9220
6369
9170
9481
8365
3264
2157
5853
5954
2061
442
4924
8215
5373
5564
4337
6976
4861
2477
3785
7716
2280
4720
5291
3671
3904
6841
223
1773
7707
411
7730
4042
2127
2379
7838
7860
9566
5532
1738
5481
6495
718
8852
2028
9890
2354
764
684
63
4197
9045
9742
4905
4382
1619
2857
7630
6699
5479
1505
3226
3295
3298
8196
3088
2778
1269
6180
7451
7639
1005
5204
3383
1642
2217
5993
4939
9909
7504
1698
5522
9685
3890
5280
3571
2044
4098
6886
8489
3081
1103
5919
1140
9551
1466
2630
5025
9558
4869
1400
5132
2578
8415
6339
8960
7583
1010
4948
4504
1120
835
2682
3503
6601
6229
5922
6873
1360
3333
586
9281
5209
3934
4864
354
1861
7773
6119
8184
4247
7367
1422
6209
2969
3213
9982
6293
3482
3243
7598
5683
1824
233
2337
7983
9177
669
1106
4571
4607
7179
5218
8708
5045
7832
4926
6260
7288
5628
8916
4675
3139
8218
3691
4428
6988
6773
4473
1344
3388
629
9864
3183
8059
2329
6500
9406
2197
4172
5052
2001
3553
3370
5415
6224
2328
4492
1083
4746
7549
3245
4328
856
8743
5744
4957
2633
4508
4706
8989
2158
1841
4596
8053
8402
9260
229
9693
1983
508
3450
7100
6266
8007
7040
5518
1215
1830
3936
2964
4471
2896
8581
3934
2757
6335
6136
2503
9535
6330
7439
9902
5841
2353
9852
4408
4256
4945
1907
4871
2307
4097
1578
1573
7498
2484
3527
3520
3816
8420
3850
8798
5614
8548
8477
9794
6728
9719
6842
9658
1486
7936
4898
4332
6621
8784
1801
8296
6637
2757
8415
461
8
7732
9163
9298
575
7179
345
4947
2692
9672
9553
3367
7564
7448
525
248
832
9735
5343
2876
5383
1324
8031
7906
7099
5136
8659
3139
3950
6555
5272
6755
260
8361
6548
4541
1762
2302
5416
8882
1317
6739
2026
3092
5514
1355
8433
5025
6450
8712
864
8587
1168
4855
5714
3039
3001
9794
9769
9861
162
8692
5013
2033
1494
839
1700
3126
8241
6377
7379
4312
5971
7049
2701
6692
7766
5271
5940
3405
9686
3282
3095
6622
5939
2594
6058
5241
7116
5913
5946
7412
2046
6315
1353
3538
386
7213
7103
2917
1691
1038
8359
1787
9369
8402
8281
141
6625
9301
1025
7536
1977
9081
5210
7347
5171
5502
3789
5814
6644
9181
3750
8277
5917
5131
4164
1599
7936
1095
8132
9381
8482
1495
1250
1818
4360
458
2562
408
6129
9798
7654
615
919
3661
4283
3845
3999
805
7569
984
5680
2882
4139
1007
2688
1789
3627
6615
6095
9265
8178
5736
9875
9550
4084
2486
2656
3336
7629
8446
9516
5922
1802
2420
1117
4196
3800
3654
9864
3740
2601
57
6181
7019
1832
4814
2483
7571
2495
2336
9684
1526
3270
4221
4543
4684
4258
7661
184
2890
1959
1879
4289
9027
5846
9797
1888
9485
6953
6219
889
1459
3308
7831
8913
4519
1663
731
9901
7972
8724
6130
5160
498
5829
2094
3960
8881
5945
9620
8410
3811
9050
4014
9900
9973
8359
5562
5055
7073
2087
3753
1456
6210
7859
2605
7114
2540
310
8839
9801
5716
2269
1981
6820
6160
9361
271
4778
3040
6637
8317
7933
1605
314
1112
4370
7307
7913
9992
8151
6417
7747
7197
2935
5839
3791
1199
7344
251
8357
7714
9322
2025
1575
9361
9741
2155
181
935
631
9089
1821
9145
511
316
8280
75
7371
9996
7738
7915
4309
6398
1735
6310
4332
7723
433
1552
9064
3808
2242
388
8582
6278
3086
8198
4569
4753
101
9514
6519
9348
9861
2300
7721
793
2518
5458
6053
8879
4880
2341
556
1290
8447
2863
2432
7082
9417
3388
5635
5646
2550
1269
861
4629
36
5040
7036
7253
8409
1348
5070
8453
3103
2526
2590
9588
671
5990
5364
8964
4016
1539
1849
6159
1382
8613
7368
5217
1223
9915
6809
1678
7192
2678
2993
4762
3782
9810
712
1886
2082
5625
3033
8720
5740
3929
1235
7219
3428
4564
573
9002
9112
7243
7570
923
3458
5312
9375
8636
1333
7975
7368
3757
537
2565
6699
7091
7630
8678
1232
8771
237
2136
4417
4601
7727
6610
8845
3530
6885
7942
8756
7490
6127
3556
6209
472
7364
381
49
7247
1819
7187
3850
2957
5427
1082
2697
748
4392
3911
6515
7968
2697
1903
3206
9195
9412
4440
8753
5464
9718
9959
8737
6512
6953
3221
1937
2628
1725
9982
3479
7020
1838
5486
359
3545
5762
476
13
1400
3856
8234
1902
1408
9371
3317
6974
256
5847
1402
3291
9206
5702
3463
513
2321
2737
3914
5489
5818
2102
5397
4848
2681
7427
3562
3613
4184
7354
8493
8545
6020
6867
8555
6772
3473
5927
7712
3057
5987
7188
156
7852
241
9055
617
8149
3661
325
7248
1237
6667
2721
9623
8592
2113
6706
6103
6634
2585
249
6985
7620
1611
9381
8605
2940
9579
1186
7177
7811
2188
6088
3994
5840
3544
2356
7070
391
5791
4808
2370
8853
5377
7812
9243
2082
1509
4954
4169
6794
1797
302
4426
512
790
9301
5145
6467
6223
4974
5560
7080
1952
8354
4460
6979
2815
5423
9415
9091
3824
1625
2193
7365
8622
2111
5570
4836
6837
2007
9855
7774
9166
6024
8069
60
3415
1155
4272
6144
5377
7735
6130
6777
5483
6042
9190
8011
1229
6037
3356
3523
1977
7546
9953
2073
5739
618
2632
6453
9716
9244
5335
3301
3753
563
1300
946
6328
3469
6880
9861
5545
8937
1106
6884
7165
2752
2713
6506
5627
5757
7498
9525
5848
6329
6201
4232
5796
9523
8489
1621
7601
4322
990
2299
9054
2045
3073
9657
9550
8825
7688
2114
3442
1861
9253
831
625
8058
4142
2504
3361
802
6779
8424
4561
1620
5771
5060
1278
1751
2982
882
4498
575
7896
2152
2823
1599
5713
857
5920
9991
1017
6281
4474
6261
3582
6941
1541
5447
4605
2022
3242
7083
522
1520
6899
3731
177
8316
7865
9608
1519
6829
1316
4281
1741
1355
4898
6813
8885
1943
5389
9868
6694
6969
627
2246
72
5545
4074
574
3306
8714
3772
5407
4147
1188
5270
9214
9584
7092
1743
864
6100
1776
7034
2874
2409
3082
9321
322
9586
3418
5343
8363
3795
4314
8497
7333
2795
2137
1608
426
7093
4586
3955
3744
9469
3280
1974
6707
5360
5688
6789
6764
2182
5374
9120
1889
2353
7466
1745
1078
8523
6861
2672
5315
8136
4029
5344
1876
9256
658
4738
7456
3943
1659
7749
4533
9898
2421
8725
1887
9667
3980
4457
6715
1597
4589
1506
6388
8924
4365
3650
1148
6576
1312
9030
7854
5627
7226
1750
1954
1211
4833
6668
6423
5152
7789
3091
6738
7041
4580
623
9701
505
729
4482
7456
1237
3383
3250
7087
1817
7749
8331
2899
6364
3447
2224
9889
7177
2338
7029
6066
4169
4284
44
8444
2310
8414
1970
214
3193
2892
7388
703
6686
1274
6104
4124
4860
816
8008
8341
4950
4153
3698
9300
746
8299
5209
4933
7456
1193
452
8023
6162
2416
370
611
5267
1013
6847
738
8728
9514
6662
2887
9874
7284
7236
4909
9277
2264
923
6272
8549
840
1849
1628
9055
7761
4149
9687
383
5356
4709
4254
1357
4172
9182
4288
3522
7949
7339
6654
4679
2840
4701
9708
5043
3309
7647
7162
4257
1784
4503
9911
7660
5554
4811
4182
2922
5622
5628
8874
88
3036
5469
1624
346
6438
482
2991
1668
4611
7567
5645
1958
3767
5768
994
6257
107
8118
9518
2737
7330
9235
2522
1339
7959
3413
3757
1365
7259
2508
4140
7419
3145
6466
4670
5218
5663
4516
962
4644
3310
1268
4038
5442
1709
8764
4303
4527
8719
4319
8152
3949
672
8321
7264
1224
2407
1778
6880
7114
850
3322
4784
7056
457
433
8376
4660
5764
8914
3523
9094
3924
9938
4023
2134
1506
7516
218
6739
4045
3121
3862
6667
6940
2920
8784
857
8607
257
2734
5894
8468
8411
6198
4140
7493
2347
8227
7624
8017
757
3621
7609
8307
5579
2029
1314
9957
4006
4719
8269
4682
8594
9978
7528
3947
981
4301
3730
3825
5993
2592
8407
2650
9365
5137
8703
4466
7562
1393
685
8457
1807
8394
7152
6253
7277
2225
3352
1569
2931
9339
3352
2600
8202
6148
435
9811
944
7872
3680
4336
5529
2309
5300
9937
7312
241
5901
6974
2236
9107
3953
6025
3117
7437
3785
9613
894
9563
931
5339
882
8519
3648
1040
951
4201
6224
4988
6760
4024
4726
4939
8402
1936
9096
7827
2807
2942
6953
1739
3981
899
9775
881
496
9075
3925
8339
1497
4639
1784
7715
6583
5363
7335
2500
1119
6400
7102
9252
7458
3179
3950
9410
6646
2119
9828
2817
3311
3131
9211
4816
1145
6201
4362
1145
5082
875
1832
6616
3257
5524
792
1956
2994
930
9395
395
6062
5099
957
8460
682
5886
4447
1576
7628
2287
5363
8221
3997
2134
7658
5722
9740
8411
9522
8398
3786
8316
7609
1907
3832
158
6237
4564
4031
3706
4832
2205
6767
293
943
4271
2580
8173
8067
4947
8533
1304
1206
1466
7428
3013
9203
7605
7027
7707
9034
7444
143
6011
6153
1834
6256
6479
617
9779
2469
3371
7908
3135
8074
1540
5536
895
7377
3616
9886
6557
3632
8088
246
3494
3464
3643
9712
4696
398
6633
9435
4971
2950
803
4826
5712
7105
2715
945
9544
4463
4725
157
4912
7510
8024
4422
7095
5745
1393
5539
5091
4916
7726
2075
9140
3152
8940
4526
4927
8983
771
2222
9895
9789
3693
1553
4516
2279
3786
5201
4759
794
4214
6851
4218
5020
5055
9486
3018
3492
7525
7561
866
3042
2000
3363
5363
5539
6365
1506
3889
3332
3321
1697
683
3675
8498
1316
5290
2815
4460
5000
2203
7247
8438
1583
6179
4791
4696
4528
9709
8134
8534
9577
2139
8461
4928
1869
1744
4470
1825
2812
2718
7417
6479
5382
5132
2643
8472
9903
9753
1001
4849
4052
66
3632
6338
9786
923
5966
4186
8893
3734
1591
6234
574
512
3253
655
1513
9706
6021
5638
6666
9002
1770
2841
1580
2763
2582
8780
2954
6944
2251
4103
2344
4816
5442
2662
2624
7294
2302
2526
496
6498
6403
6815
2321
2118
1105
5381
2212
8443
5892
2944
3454
4086
9186
7278
9604
4197
7178
8025
8976
4664
8254
1000
7921
5956
1960
6982
3662
4284
9347
1964
630
5934
3507
1346
6437
9961
5050
7229
2498
8664
1873
1646
5702
7860
8081
6388
5417
6926
7616
1181
5091
4035
9616
2939
7231
4435
8957
2718
6989
5690
2669
7111
337
2853
5843
6933
4196
4230
6157
419
7911
3688
3049
6115
8314
8658
8572
3812
6063
1946
4524
5996
8913
8880
447
7822
809
7276
8137
4654
5425
9304
2408
9151
7847
6262
2454
6562
5509
916
5325
7909
4046
8671
1092
9557
9513
7480
4977
7535
5389
1246
990
9122
8744
8689
729
8761
3794
9263
8765
8680
2499
5708
3491
4209
729
5147
7413
7495
2065
2264
1217
5988
7571
694
4939
9033
2681
5462
7805
4933
3832
5041
8908
7202
2037
7230
8542
4379
2138
5280
8092
4233
3096
4980
3708
8560
9986
7808
9348
7184
5905
1174
8759
2912
7742
3775
1302
4336
2919
8301
9078
5165
8820
6470
5280
4818
1262
3082
1431
8250
6254
1751
9295
6638
7319
1860
8614
7891
5536
7012
2734
9304
6113
501
6508
3960
562
9954
5017
1414
3490
4852
8926
1723
544
4765
8251
6744
3913
3504
9721
709
3042
5328
9744
199
1192
8227
2195
6930
5812
810
260
6082
4720
7916
3591
5235
8854
9920
5590
326
8748
3464
9359
3179
9088
3251
2426
1027
1044
3411
6010
3498
2900
5726
6294
8337
1415
505
7805
6083
2596
7803
9508
2517
7581
5219
7753
1461
950
3857
3975
5319
9864
1320
5571
8518
6814
7550
6992
1647
7075
5820
7112
1200
8169
2550
9671
9077
1808
3902
7735
7817
6547
7947
5136
7623
1234
9565
9902
4293
4023
8588
135
1933
6464
5807
9090
5919
546
4815
6972
5987
9441
3906
9936
1067
1180
4181
7826
3013
7146
1406
8908
7466
1758
71
2142
9799
1609
385
8304
6644
6204
8419
6143
5011
694
3378
2640
962
7485
5749
2613
4109
8662
9245
1036
3274
6789
3212
2070
4562
3817
2371
9957
4397
8308
1750
1681
7771
1946
9760
1088
3611
7660
6514
8464
3403
485
9811
4403
6377
4864
3880
3935
914
3233
7695
6024
7965
1501
5794
3387
6790
8280
3521
7320
8507
3365
8647
4156
3205
8350
2
1793
189
4216
3602
9416
2876
7891
7949
2264
2172
4714
3545
6061
8172
7446
2157
511
5311
2854
7845
2455
8545
7879
4681
2765
4066
6503
2299
2510
7399
355
6746
4925
3259
1970
2410
3681
2949
2028
4715
5593
3317
3615
2848
9971
3612
746
6750
8645
5430
9055
2450
9775
9991
8766
9551
7803
5188
7173
3607
6151
3359
2379
50
3388
1831
640
6318
4341
7980
4304
901
7225
5704
1745
2665
8726
8597
7913
756
4872
4191
1588
2308
2814
8387
4345
8456
5381
192
9882
8805
6959
310
4993
8691
6555
3294
7713
1095
8800
9456
3678
4497
7316
8145
9989
2113
4472
6258
4066
8178
6040
1763
4462
4964
7512
1645
9062
7287
159
8058
9906
23
4652
4090
6284
264
9477
8949
9390
7561
4148
678
5546
8406
4089
7291
3580
9293
8127
7473
9039
7600
6061
5118
4968
7355
4646
2335
7985
2375
4424
8143
8564
5331
5999
5818
8454
6447
1701
7031
3859
1311
6229
9368
9310
5221
7363
1104
3003
1427
2463
4195
323
8847
8065
2460
2843
2680
6325
5154
6329
9765
7058
7500
551
6247
197
2512
2944
6303
5525
6399
3485
9304
935
4
8511
1720
2399
1006
1263
4428
2748
7112
7483
3434
9778
4199
7403
344
222
4408
7697
8568
4275
5517
327
4761
5248
2655
9972
4350
2124
6356
6673
3938
5104
6308
2299
8240
9961
4122
9839
9458
1843
9729
739
1424
2759
1578
5206
5196
3097
3368
2756
9434
8054
999
1747
7439
5715
4558
9060
929
9812
3065
2906
225
8771
301
3640
8768
6333
4051
8010
2088
6887
7346
3231
4945
4033
2401
4108
4074
8153
5546
6181
2584
2883
4086
1451
6203
2784
9508
8231
9806
4031
3596
4590
1683
3480
6534
1689
5285
9269
2576
762
2459
4384
2731
6431
9476
6023
2190
4884
7186
613
5231
6511
3553
1239
6070
1632
6402
5390
7516
3756
7047
212
5239
2764
7975
2740
1445
4098
9382
4430
9504
9269
9913
3316
5972
4282
9410
2700
1236
9412
7068
595
5811
9197
8755
2185
6929
972
5960
9059
394
2922
3553
8466
7905
9074
1681
9505
93
9898
3813
1090
7300
2562
8869
4123
7137
2310
9873
3800
2375
3851
8710
9191
7164
7547
5568
9173
2681
277
2761
7781
5949
8180
8892
6848
1778
6261
8575
42
1646
3262
6234
9341
7411
9455
8178
758
1883
5595
7076
3915
6499
7297
5280
8036
6530
1903
616
9263
5276
6035
8144
3379
9721
441
8092
313
2480
5522
8186
8149
6272
6144
3784
5922
3256
6196
2861
6645
6967
130
9915
6768
1193
4190
592
5403
4688
6984
5589
6093
7043
9354
3965
790
5903
3465
7553
4445
1500
747
9891
6743
6630
1556
7952
1821
7103
6396
4767
2599
1512
2271
7917
6731
7450
1048
1731
92
6919
7185
6660
9307
1883
6245
269
1747
6381
5139
3151
718
3397
8915
4877
4880
7193
1380
5008
817
3700
2086
9161
3491
813
9214
398
8461
7581
3939
5156
5989
957
6094
1191
6562
369
492
6315
5128
3836
7021
9833
3117
9708
1478
6441
7661
2120
2092
4431
8026
2794
1967
8583
6564
5628
9634
7810
766
4106
670
620
5278
8612
7249
3574
2029
6721
2576
2452
7922
1747
3205
3960
8531
5355
9940
7688
3270
7045
1359
7132
3901
2672
5403
5165
3564
8748
186
2152
8154
9012
5578
3576
8693
16
1117
8800
8177
9358
3440
9506
2493
2340
8572
6088
9193
5915
6963
1238
9148
6724
6093
9415
1131
7042
4491
6612
6872
2238
8521
552
7403
2102
7118
5763
3919
6674
5060
3240
8948
3935
7720
2940
5222
6263
6986
5679
4667
3539
1728
3092
9737
2736
4323
7625
9567
173
3809
3077
2231
6238
1274
2471
7430
2239
1151
4781
86
4453
3518
6998
6735
3234
7652
2395
2216
4198
5788
4537
2531
3113
7501
9913
5510
3422
1902
5743
3854
4091
7031
9002
2307
8126
8525
417
4348
8477
2810
899
204
1070
883
9489
3463
1523
4907
133
2616
7617
5899
2198
3328
4247
3552
5949
8416
1604
3248
3805
213
7143
5785
7378
2163
6929
8384
4301
1807
6550
9116
7969
7276
6910
217
6529
450
713
9249
4518
5533
9387
8854
2689
8750
1312
6550
3580
9253
748
4786
2608
9989
104
9153
5265
3332
437
7741
4153
1804
9085
8836
1219
3677
1118
1438
4192
4251
2025
848
64
9161
9372
5339
6494
5920
128
5779
8569
2681
9771
588
753
3513
1710
5032
4820
9501
2877
2487
1335
498
4821
7274
1322
7974
4276
2294
3873
4576
1550
6322
3156
1565
5822
4904
870
473
4014
1683
2503
4795
1847
2921
6027
9413
538
5289
8283
3602
4392
4285
5866
7180
9651
9479
5485
9749
8692
1088
8439
5747
4797
3051
5406
616
9772
5963
2215
7244
3805
3671
4115
8909
2887
8252
486
3356
5982
782
6982
3162
4503
4907
5993
4082
3966
4126
2605
8626
8032
4577
8814
3867
8487
3083
5545
7464
353
521
5021
1629
6095
8020
8754
9470
7402
305
6501
8201
8236
75
8412
9776
4204
4950
3219
9188
3416
3570
2220
7673
1112
5813
1215
1970
8518
9330
8625
3768
8406
2333
59
1801
6239
7947
3437
8416
1648
3638
7218
4142
4508
4842
7260
9928
4474
3477
7915
2584
340
261
9510
7011
6150
7535
5139
6136
784
6035
2499
9623
1894
8280
5535
2313
5844
3895
6388
33
3328
7125
4162
9725
6896
5029
8266
6232
4557
5882
6334
7679
3438
6383
5591
483
9648
6943
5202
8409
6144
3546
9782
7497
3159
8456
5753
790
3132
2487
5518
9997
6368
3245
8859
1191
4907
58
8447
3094
7413
3586
5381
6263
9680
1009
2073
1909
2342
9108
6037
7019
8886
2383
5700
5829
6618
166
4643
8230
8228
3236
3535
1558
1159
8713
4552
2594
627
9154
141
7376
7594
3810
8355
2201
8493
5025
9875
2187
6517
9917
7223
5009
8654
7961
1450
4308
3608
765
3627
5631
9888
6735
1834
8389
4398
3914
9058
72
2388
3282
5337
378
8206
6585
4708
1900
6620
4206
6062
531
610
9706
9749
1871
7148
7149
9194
8234
9358
6408
6492
8147
4158
298
4734
1890
9884
6342
5340
9202
2071
5475
9100
385
2120
3906
4415
64
1948
7073
985
752
3088
2931
7567
5586
3375
6351
3963
5760
6191
9608
1935
5273
955
2350
8604
1393
7531
2491
1662
6389
5621
7646
3349
8234
7990
6611
8886
8668
8305
2622
5909
5013
8690
1273
7199
9407
9549
9264
9265
1503
5850
6224
9213
2187
7755
5914
3893
6610
3820
8938
1188
7900
6487
7968
4447
7277
4142
7546
6735
9816
5039
4637
5179
3426
3228
7779
2443
5251
2937
3721
8296
8458
8267
8033
440
2844
966
4247
8907
553
2961
5369
9294
9533
770
828
4402
7203
5300
6364
3235
1086
9294
5869
101
4582
1690
6230
7267
4467
1698
1322
5075
9460
6128
3596
940
6786
4640
4566
414
6848
1482
7191
7888
7840
104
8602
5272
2852
6229
3942
1397
668
1486
3531
1175
7395
8877
4427
8647
7045
867
7354
6068
5101
9390
5143
9211
4918
6361
4896
7553
8861
4747
1258
4064
9560
7239
7930
7509
1612
2215
7565
7102
4875
8577
6623
2125
8076
4148
8420
453
2764
6222
8087
9787
5176
7290
8456
165
7794
1181
609
8852
5858
6446
6629
5787
4118
5967
5928
8476
9093
5494
8896
4105
8711
8145
5655
3029
2365
1982
2822
9993
3666
9832
3774
4582
259
959
7783
1900
532
5486
1061
4404
9445
4693
2333
8949
3426
9455
4787
3772
9730
4327
7934
8646
7145
3910
212
1732
1638
8741
8865
8999
5907
4720
1258
50
3048
2338
8106
5027
6254
6022
7908
1484
7475
6221
7409
9804
7792
2676
8713
4095
9210
477
9679
2318
4437
6911
3186
5599
5076
9780
3404
5108
6152
8904
8443
3448
5411
4289
7382
8925
3685
7770
2247
5258
9796
6655
950
5154
9888
6779
7729
1662
5941
6306
9402
2695
2477
5249
8630
7344
9412
4615
4640
3653
6176
9093
8937
8282
8570
7047
6517
3589
4066
2067
1447
9350
6726
6542
896
9107
2714
177
7486
5485
2557
2980
2153
9072
1947
1450
2520
9148
7995
1971
2890
968
2377
2918
5775
9288
9407
1952
1321
3790
6918
2410
4072
5437
9490
9012
4716
6039
9394
7229
2213
4293
6688
7883
6455
7690
2973
4425
8533
7570
2531
7452
7782
3027
3533
4407
6782
7308
5762
3548
5320
605
6877
9482
6551
8040
9077
3052
7819
8393
3700
7107
2988
4
3557
1253
684
6219
1107
1519
7657
8383
2673
6794
2274
7235
6773
1995
8708
2134
8291
8695
6485
6892
6407
2958
6175
971
2187
3102
569
4583
6133
548
8036
3446
356
4038
3648
4464
6838
4907
3197
7151
9774
4111
151
7760
3724
4683
2778
5155
8889
977
7293
8645
5102
6359
744
3127
9059
415
3066
7293
7483
3856
1779
2211
4277
3242
3799
4092
4292
2685
9974
2541
9060
2831
4800
9737
9570
2478
422
8356
3999
4456
1476
3717
9588
4502
2781
7883
3719
4455
1954
8041
501
344
7259
1774
1645
6032
6061
7930
586
6820
6305
3683
3929
7694
7449
1579
8992
5499
7601
5299
1995
8077
7845
5366
412
8274
4593
1935
1224
6010
8223
285
4909
1987
527
8658
2073
2849
2789
6989
6436
5697
8155
1641
4279
3814
4059
3979
6343
6565
5360
1655
7909
2375
3517
8402
1477
1611
5430
9221
7742
5646
7046
4860
7355
7230
3776
5894
3262
2632
4586
2973
4916
3926
2322
5579
6573
8717
251
6230
2195
1276
5815
6970
7544
5728
9941
706
4922
6445
5870
2774
2282
8820
3000
2794
8398
4256
8259
7841
4724
9888
8772
9051
5869
7322
3592
7406
783
7420
8238
1907
5936
3274
9215
3831
3607
3991
5629
7204
5472
9360
1753
5052
775
7792
7198
77
6817
5609
6249
9908
8359
3833
1513
8352
3269
1633
604
802
7567
2841
4906
4714
597
5272
2632
6692
9498
7704
8751
9622
9042
6192
3032
8285
1481
7165
8126
8228
9434
889
3657
7866
3216
4843
6847
4541
9035
143
9568
9324
8911
1265
8250
9364
9785
4441
4761
7049
7499
6289
525
3534
7971
8861
5080
5152
2181
9313
5175
2953
7121
8174
4865
9663
9800
6771
2554
8161
5226
6269
6471
7684
6983
2490
4005
9322
2849
2561
497
414
6165
2654
4643
7570
4654
279
2141
1307
556
1580
8514
7083
8972
3332
2865
808
2365
4691
1254
6912
2369
3478
5798
9203
9142
8420
6898
4205
6775
7668
9185
8653
1425
8897
2538
548
3096
9727
2732
601
6857
713
6808
6032
4704
8140
2748
6935
312
1381
3403
8874
5233
140
3867
4816
5604
6914
817
9271
1939
9107
5933
2286
7478
2785
6599
2855
28
5681
8667
9810
2354
2289
143
8853
3787
3275
6451
7827
8869
7077
3359
9870
1850
6663
3026
6166
8826
4337
2604
8355
5861
3308
3709
151
6175
6532
4991
4186
2179
2376
9734
7841
2911
6697
6166
4819
9940
1644
5419
5806
5944
6766
1006
7530
6216
3013
939
7074
271
6550
1561
2126
1686
6539
524
9502
1504
7223
2958
1383
2831
9964
1475
7142
439
3363
567
5332
8971
4523
5039
7550
1824
2703
4294
2725
4232
9746
7161
7142
8999
165
2308
5865
5728
6618
8708
1927
831
9367
4719
9038
288
7760
9004
2141
9215
4321
261
2222
1448
8856
2592
2245
7065
9296
489
3095
5661
4353
9263
7024
2986
5878
1303
7538
9523
7283
2905
4300
8754
140
1084
3684
2576
7563
4626
7060
9620
2781
8165
750
574
4511
2570
350
7973
5887
8895
4246
9606
5356
9973
9244
8494
4584
8913
3499
655
3418
8625
2833
5879
1778
5250
4815
594
3019
2404
9979
8057
9055
8150
4108
4514
878
9075
3599
2927
2232
2420
1086
6663
1101
6254
3253
8021
3485
1393
1925
8925
3197
2
273
8554
5597
9387
9451
3161
4432
9440
5854
6771
9207
9292
9819
1045
2830
826
1015
9753
9505
4983
1636
2316
9397
3851
7146
4009
8798
4868
3238
3321
4469
1915
5935
9024
2295
8411
4329
4585
7508
1343
7359
4766
2639
3311
9295
8991
1735
9012
3346
1626
7165
8539
206
4831
1941
568
9731
7429
43
4029
6436
3012
4033
227
9683
8379
6808
5929
2427
1854
6810
6636
6454
174
5062
9830
4720
7730
7718
9481
7203
1347
3820
3212
2767
3812
2001
1748
8020
2502
9788
7264
9956
4853
6117
4550
8667
2693
7444
4081
5262
6017
3910
2467
1523
5502
430
8849
317
6930
3318
4069
3979
9011
4218
3098
4600
1685
9620
991
399
3251
2815
4868
6451
970
6477
6070
5025
2574
8259
9866
4896
2418
2386
8661
7352
3655
9915
5544
7174
5843
6570
5139
6446
1950
3806
110
1391
704
3715
5374
7508
6280
2912
9211
9864
9594
6681
1485
4079
9796
6037
1134
8309
3931
3128
7975
7756
1093
9686
5304
425
8769
7059
8997
3163
4943
4438
7546
3234
7244
9215
2683
8904
7308
7531
115
2321
7056
3108
8551
7586
6980
5905
992
5233
5770
4335
14
1358
7656
8831
6758
330
4175
1600
9898
9518
1807
2124
3694
9166
1736
9888
7887
7226
1448
1299
2166
8163
3109
1410
1971
9677
2666
9456
2347
7815
365
4262
3043
631
8409
9452
5325
4068
5435
8837
6636
3506
4173
7501
9327
3904
8124
3649
8428
8928
5070
5350
4720
719
9694
7315
7580
8233
889
4783
5458
7349
7539
4939
5271
2499
3996
588
3587
8193
1668
3840
264
1822
5612
2305
5159
4610
379
3900
966
6379
8302
3691
5196
5830
2458
5014
19
9988
9974
764
937
9480
6683
4124
9316
6200
3163
6731
4765
1006
6994
6622
7572
5721
8483
1109
1675
2803
6309
8941
4289
6779
5401
42
8596
2779
4086
3277
9544
8463
6782
5717
745
2707
1675
6745
249
9361
4793
3372
2437
8595
6390
1227
9287
2729
184
5103
9953
3017
9395
3460
6409
9700
3399
7512
5100
9874
4323
5760
7112
6120
2663
9874
7667
1264
9688
9308
3713
8350
1368
6463
4214
5443
2413
3804
7627
8993
7496
5510
1665
8239
3200
6775
9844
4988
3252
4056
9778
3917
2323
8139
5176
7476
8111
3000
918
5163
3581
4767
6112
3692
7586
2934
3555
5369
2860
845
8152
9533
3561
8274
1573
3554
6476
9978
6532
9783
8955
9931
5610
5146
7226
6248
2124
5856
6530
477
846
6413
4728
1720
6026
4072
9483
3486
9490
8165
7699
5584
8260
1096
6277
1386
611
4787
422
4674
6363
1543
361
4256
7286
8499
6718
7438
2665
2391
8862
2674
7426
7549
6329
6555
6124
1600
6714
2068
7796
2916
7790
4228
8101
3537
4945
5608
3981
6524
9654
5825
7729
1733
8583
8644
7986
5358
3595
1196
5237
6480
1710
5369
7054
5576
5299
7798
518
6956
1506
3841
7667
7999
7112
1579
4298
9733
2871
5983
1326
6381
2332
9741
7333
7273
9549
6536
4834
3294
7899
2050
1718
8260
1253
5156
767
4283
3813
3482
287
9789
9548
1423
5826
750
1953
4450
9695
8974
8833
7816
7710
4970
4327
8070
6316
8277
4958
9087
8871
9436
2516
4896
239
6694
6979
6731
7439
378
7675
4646
8663
9597
1604
3703
2814
6283
3337
2636
8595
3984
5423
6486
8424
1127
130
5946
2996
5019
7541
2380
4519
2074
2515
9610
5335
5060
5572
1534
9537
2285
3701
2190
6314
7727
268
109
2811
9474
5342
2387
8985
4906
6133
4138
9978
1044
9929
4247
5241
432
4657
6497
1940
4851
7987
4090
5543
3001
4198
1940
1101
8342
3591
7657
2868
3687
2267
7026
6461
7679
1116
5942
2161
8771
4725
7496
824
4072
6657
8412
6917
1908
6441
1186
7192
7887
4844
8723
6586
4417
9339
1453
3489
2771
848
8898
3034
2963
9687
9122
4187
9568
8547
5948
2703
5544
5405
8978
262
4492
2715
7409
5836
1769
1426
3857
4607
6260
9899
5974
8497
9860
9737
3893
6855
3255
7207
1590
5606
6844
9570
6192
3915
5918
3823
297
9537
8918
6503
4356
6221
1393
9379
5297
5063
7538
9329
8914
2800
7046
2305
557
2143
73
2590
7273
1142
1442
5542
7907
3662
6690
347
3000
7046
3248
6151
6447
1762
7678
3569
8532
7750
9265
4975
7943
5013
7392
6880
8228
778
3910
8195
7784
2821
7666
7938
4640
7946
3029
4
5173
851
8667
5424
7594
7030
3522
546
8640
8493
698
5303
7806
9861
1841
6503
8362
320
7050
1405
1345
8481
6281
8312
7800
366
9076
3177
9116
7448
1324
7995
3785
3599
865
4137
2034
5565
7346
3820
8790
4836
3951
1681
8115
6994
9291
1880
5186
3175
3954
9812
850
9269
468
6355
8682
5004
2149
6990
2383
1463
5110
6424
5751
4055
4835
5796
488
1473
3006
2504
727
6669
3517
8553
3211
3436
4613
1229
7263
5630
6081
7607
7053
9964
6993
1289
5439
1770
6600
8609
5162
9956
6038
7097
1252
7168
4114
1252
5162
1844
1249
5552
794
8243
8983
2765
3001
7751
1737
9747
4881
471
5427
2082
2219
9492
7448
6943
2841
6262
3917
3164
7160
2069
3124
943
5488
5238
523
4839
5008
6384
7960
9468
2067
3492
529
2179
1714
9759
1440
6637
4765
6605
5709
7633
1302
6255
8140
2432
5965
5844
4117
6242
2313
8422
568
71
9321
4978
6621
707
6333
263
3590
8919
8999
69
2778
707
9956
485
8925
9922
1067
6925
3162
3218
4659
3134
6371
2527
7599
9370
6934
1481
6531
3120
5985
3151
1177
3645
7636
3209
4491
8683
9663
8418
291
5272
5139
7198
3364
4670
1557
7781
7397
3151
2045
2464
5435
3096
8568
943
2072
2480
4305
6626
9534
1102
4349
2049
8508
9527
2270
8378
92
6201
3465
9872
1611
7951
5873
2097
7708
1559
7211
5931
9877
6734
2015
6440
1356
8209
6108
9079
5556
1066
2407
1388
9147
3161
2000
7813
6693
1185
2984
3933
4186
1264
993
8592
8531
7408
3807
4939
6721
9046
4091
5388
8027
328
3360
8293
1249
7001
42
1001
8443
4191
9616
565
8743
1507
2518
7483
8920
4505
8958
5884
4060
3192
723
1600
4342
8151
9116
6495
3687
8111
9485
9625
5737
6603
2253
9953
2422
5627
7052
222
68
8948
9211
2316
5788
985
4769
9689
2927
5586
3973
2327
5903
582
8609
4744
2777
1884
6771
5324
8658
875
7225
5861
6382
7636
2069
4502
1104
2495
6758
2917
8454
5763
3401
1098
2497
6522
3414
7902
730
493
9178
7725
1361
5104
6794
8403
6724
8065
4006
2055
1419
1286
4782
5241
8270
3931
8614
5129
7926
199
7787
9301
7187
9907
8153
6062
798
3557
2728
7797
9331
3379
2223
3158
5084
1182
9524
2512
7583
6610
3597
3579
7717
5278
3749
7194
3766
3974
1517
1875
2047
3089
2730
9704
2856
7896
1845
5502
1170
3596
702
4839
9210
7308
839
8154
7954
1899
1911
396
2169
8930
8947
4714
4675
3864
22
5416
406
4382
5620
3543
8323
8461
850
6035
930
8579
5163
3861
3283
1578
8175
7935
9174
3494
4565
6829
2227
1805
7184
2653
9246
7189
4291
632
5495
7182
3759
9772
9456
7745
8662
3173
1741
7736
7547
7427
3047
8718
7336
3165
9345
8879
103
1236
6154
6959
7837
9420
1539
214
6332
1814
6363
589
3253
7722
1273
1502
4590
8643
5579
1750
1250
5393
5101
3495
3722
4123
4162
9102
4180
3070
236
3421
9385
5889
7493
944
7930
7305
9618
3122
9668
7898
8764
5462
2990
2336
9138
3342
2483
4523
7317
7662
6380
723
9539
5310
676
3406
3054
7235
4646
5577
8009
1359
2997
5182
3298
3154
2520
7605
1549
2763
3103
4940
8352
7742
6327
6733
6714
5780
7969
9436
5756
1757
5286
25
6497
1403
7366
8844
6817
8993
8434
9089
9059
70
6085
484
5577
9847
9056
5596
4461
7937
5903
1684
9994
4102
9995
2515
3679
1052
4216
7904
2877
990
727
5258
3117
7634
6812
4392
7720
2222
1049
2181
4996
759
5085
4241
1892
6161
8065
2046
6698
5304
5865
8865
8298
6095
1064
5406
5724
4284
8878
8533
484
3737
6940
3855
2314
5694
4976
6070
2423
7159
4045
9463
5455
6770
2933
4352
6594
1605
511
3946
4137
9153
3188
5378
9494
8176
7780
4731
6788
9615
4626
2866
1142
5869
7396
8876
64
9151
5723
7387
463
2998
483
5086
8775
3882
853
2991
6871
3086
494
5500
4558
1292
3948
6056
1516
6560
9200
3285
9347
4465
9859
218
29
6173
2848
8295
7364
5262
7346
830
3945
3145
6693
970
9954
5782
7225
6909
4906
3754
5853
6888
6278
3874
7198
7792
4853
8222
9309
379
8345
8550
6949
4159
5371
7074
9456
4773
4412
4042
7264
1707
9875
1092
8391
8199
1534
6325
1727
9188
6174
8100
8368
4161
1044
7310
6639
8631
5990
2130
3067
4715
2149
6373
2338
521
7757
697
7581
3012
6614
7217
6255
7052
2050
8676
5602
8894
7933
9373
1547
9789
3323
4236
1006
9049
7395
7881
554
9805
4994
3353
7079
253
1497
2786
3723
5662
4659
7289
7224
465
1611
8768
3771
2188
4399
112
3994
3939
6503
3832
1013
1132
9904
6664
4316
7111
8807
2665
6200
9512
5406
3565
1951
6316
8911
3470
5324
4693
3444
7616
6725
2187
5011
6042
6446
3354
6247
8521
2352
6592
6669
8687
6420
3829
11
875
34
6114
1147
1753
7920
9534
4569
683
5088
8600
2515
3975
5367
2588
189
7397
9250
1800
9357
2366
9335
5686
1133
1957
9631
888
7053
8106
7452
3552
7406
3875
4305
8164
8935
3249
9284
894
9781
1385
6353
8925
3105
7674
7847
154
6286
1223
6341
961
9579
6488
2762
2846
2826
1273
7270
9971
5262
2335
4945
9958
1984
4695
3863
4881
2874
7806
7810
8526
6290
9538
1519
9097
2377
5095
1786
5309
7907
1571
9900
3155
6193
1887
4378
6565
9932
6830
7112
9395
1410
4060
9567
5086
920
7230
7113
8428
9795
9632
5871
6634
4280
5400
2489
2122
5941
1324
828
7545
2196
9289
2977
8823
3410
6511
5580
1512
3481
2127
6657
2606
7993
5964
5903
786
9648
2930
228
7909
8283
5582
1353
3526
7452
6599
7580
5441
9751
7659
4576
4848
8719
5595
242
3455
2891
2149
4046
556
2187
3282
5231
3252
7224
897
3333
503
3787
3256
7586
3689
9620
4382
8365
8427
2575
5245
4468
8183
912
9318
1882
7167
5415
8524
2278
123
4673
8030
7609
3739
3919
7373
9696
9801
6137
7218
5707
223
1718
8266
6925
7447
4142
3819
824
8087
5938
8354
6454
1056
2205
746
7862
9161
1294
3902
4969
2153
8262
6345
9033
4288
5501
2311
1767
3320
3077
3300
8884
4980
1953
3872
8401
2523
746
2160
9594
9033
9402
884
6282
8097
3745
9610
2172
4997
2644
6397
5178
9188
5440
8417
9898
3231
3888
9013
5071
3011
8813
6560
8585
8746
6220
2618
4784
7898
1570
9442
8271
8665
5607
7531
8409
2748
2841
6166
987
3459
8053
8351
7687
3414
733
7020
6345
4351
707
8907
7702
8959
3611
9635
8404
8747
293
941
8807
7775
2922
4715
3120
1115
895
3562
5603
6414
9074
8820
3017
2324
985
5165
8037
665
4612
5996
5592
9585
2336
4253
4853
9468
3097
7357
6993
6618
9941
2955
5647
3069
5128
6348
1118
7177
3891
5747
6075
8008
7393
4294
8200
4267
9370
3550
2216
3950
8036
5941
6383
7380
425
6460
7065
3821
1843
4158
4776
1826
9259
4657
9807
6108
1617
8812
288
8973
7813
4245
5516
6510
7769
3237
1818
6318
2409
786
3025
8852
5247
5411
4484
3577
2161
9225
4149
459
7165
4546
2997
6890
1597
2964
858
9913
8227
6511
822
336
6045
5161
5232
4645
6638
916
1815
4575
9120
8333
7112
8020
9674
3454
8809
3853
2495
7922
3843
7126
2519
5483
7979
6764
7618
592
2659
1276
8659
9449
9044
4593
9517
790
5261
6001
6218
7679
5835
3808
1759
7430
3457
6851
9644
5377
189
2811
7419
6767
4774
662
2904
7182
8179
1634
427
7447
9593
961
977
5973
6496
4555
8481
643
5467
670
716
8044
186
954
6065
5017
8242
9299
3255
9832
1905
2490
1416
6798
4188
9233
1787
5893
9722
4730
7602
3404
484
6588
6950
7246
9883
9755
8995
9537
876
9851
2607
4400
2732
2972
7928
6642
537
1439
9176
6259
2936
6794
9809
4913
1778
9737
3058
4316
276
3228
9755
8115
976
1201
2081
1614
2201
983
3384
3235
3222
3812
1296
7051
6548
7083
4253
1126
9108
8007
9351
4712
3148
1267
7762
2837
1214
3292
7863
6394
3082
113
568
8121
9576
8715
1433
9273
5774
9124
7036
1773
7992
2697
1176
2203
7626
204
3151
2719
1333
2275
3766
7270
2431
6140
1504
5924
7563
2767
1561
7383
9236
4958
5821
9528
7887
3309
8892
6197
2123
1356
6753
2091
4605
4092
2106
727
7879
8934
1197
1857
2742
6474
5354
9273
7723
6448
3904
2248
6988
6617
2008
208
4857
2288
2446
3284
9489
4087
7008
8656
8693
6581
3208
6719
1803
4548
569
3369
267
6821
4105
7224
1912
1760
6988
618
4485
8900
908
619
4985
5534
8128
441
7376
7329
8274
4215
670
8861
849
7456
5692
2012
4281
3767
7848
1432
5364
1918
6337
7467
9984
1492
9711
3722
3186
7120
798
3526
2240
4434
3209
1877
1509
3439
9620
5629
6355
5019
7089
7397
3353
6375
9942
6019
5640
8806
3113
7232
1975
6391
5741
3701
163
9219
5281
6778
1406
1411
7264
552
1068
5967
5513
4452
2542
4030
8532
5938
7006
6428
1938
5708
7454
4896
5153
2159
4756
5050
7826
8908
2328
1490
5421
2409
6748
9984
4480
6166
9760
3329
5748
758
4897
7014
1447
8766
1391
4610
7344
6624
2035
5580
4229
1143
6762
9747
5979
2776
5960
2300
7394
5472
3346
6414
6492
8918
5527
5169
5346
2524
2421
6691
353
6697
171
9580
3562
7847
7084
1173
5763
9628
6595
5844
7138
9171
8125
1773
9396
4597
661
5187
1678
3703
6759
5811
1159
6415
8689
2392
5104
9919
4021
7350
8708
8990
3507
5786
2963
2402
442
4484
7089
622
438
2037
1758
3226
4687
308
2771
7104
209
3767
5366
8367
9702
5145
1435
2656
1831
6853
7925
4015
260
785
931
9155
7298
5980
7584
76
8075
1615
8699
2518
5043
2258
8493
9704
509
7886
9299
4035
294
7096
5487
8895
6399
8817
4197
9632
9835
9226
143
9485
2776
3332
4492
319
5775
9622
6395
3719
4075
7038
9147
3755
3504
5755
7689
7375
5011
8973
2257
1396
7559
9362
1307
8075
5520
6184
8632
3703
4543
5215
2795
3105
9677
6993
9051
532
7685
9580
3321
4041
3686
7877
5600
5106
3544
6549
137
166
1287
8385
7468
9029
2884
9604
6170
5936
6512
1127
8863
7655
4472
4921
5837
7007
591
9175
1085
3378
6260
6442
2305
2063
9802
4836
5050
1291
2055
9086
8058
4062
4080
1341
8012
4103
3723
6781
6009
2593
6718
708
5267
9250
5586
5374
5422
562
9589
6546
8171
8869
410
1171
1419
8605
6603
4804
4633
6564
4532
8666
5111
5782
4478
5721
1249
8801
6641
5970
2598
132
2374
2788
8228
2355
1399
549
6085
7725
6594
1974
4110
9621
8569
6141
6013
9909
3642
8288
1753
7300
1107
3801
7529
832
8802
6188
5732
1381
8425
1906
8001
5921
3316
8449
1161
9688
8575
1099
9320
568
201
2448
8312
4637
518
2843
4743
1411
4049
6699
8104
8792
7809
7909
3035
5205
6800
1418
325
8238
43
5457
5892
7705
4096
7190
5283
7702
6548
6457
6046
4549
2605
7437
6014
8655
6910
1285
6075
4917
8713
1404
3460
7966
5471
8242
9567
667
1784
6297
4742
3097
2219
9808
3397
8327
8032
20
8244
607
7586
5254
8266
6126
3391
2106
6697
5425
6790
4418
9158
8395
4596
2885
6419
4534
1024
8324
5561
5290
1405
3396
243
5461
6489
575
4735
8967
4562
2695
2151
1225
6395
3292
4196
9329
5138
1468
9033
5875
652
6112
8325
4063
5479
510
4678
6989
9576
1254
396
4625
4925
4319
8883
7064
1921
4185
6596
8893
8368
622
296
902
8551
1433
560
1160
8155
79
7022
2956
7289
3069
7434
7862
8740
6894
9828
6678
8815
5750
9567
8002
4616
5850
5290
3937
9321
7049
3706
7075
392
2618
6645
5844
8220
7565
5531
4638
1126
4270
1621
518
630
9092
5953
1277
9165
6901
9718
9142
2989
1626
2747
6644
289
5297
8141
7896
217
8982
2273
3630
6437
2397
2008
5999
7090
7591
6427
6573
3186
9732
8428
4326
2686
1805
9401
4868
152
1986
7832
2051
4352
2077
8342
2938
4849
2640
2081
4149
4795
5238
2346
5079
6622
6976
7810
2099
484
4602
3109
4673
2805
6884
9497
8964
226
3899
5042
9268
7806
1649
7197
7171
6766
1426
2238
8870
3208
2140
523
5678
2952
9774
701
1854
7441
9611
1511
197
6443
5808
384
7485
7485
3147
4482
45
245
7615
6567
1610
6060
4797
9498
3369
6712
2962
2359
4138
8381
1158
7755
732
8391
7714
2050
5183
8502
5699
5962
6512
2963
7232
5004
3537
3676
6275
9145
7581
4021
1858
8797
3192
9174
1878
4727
9656
4762
1036
7400
3819
3907
4411
9277
3723
4130
298
5058
8616
7248
1897
1723
4962
8045
2350
4964
7490
449
1670
1991
5760
7000
1370
9099
7367
9422
3996
6122
9529
7123
4880
7102
9602
1103
3292
1895
7812
4963
1599
758
1905
8242
3748
4867
7189
4296
2553
1802
4440
4376
7702
3714
2781
2887
1090
1510
2267
965
9593
9869
7754
197
8479
1554
26
3767
628
5154
726
5965
755
4846
4841
2221
2646
9515
371
6529
9305
5462
2004
6423
8114
6649
5192
4957
6476
2635
5599
7680
1243
4766
1268
882
5270
2960
3889
3368
7243
9080
7102
5258
5830
6843
8880
2860
8647
5887
5428
6404
491
5640
274
3855
1240
4379
529
7027
7192
6252
261
3222
452
8057
4437
8028
658
593
8243
1461
2441
1275
4092
7777
3071
648
586
2793
1468
82
200
5127
3306
7547
7106
3364
1103
3864
5463
3177
6572
8337
1812
5897
6899
5267
9069
6551
6538
9075
8241
680
8687
882
1900
5106
5262
3363
4280
4756
1069
7318
9643
6240
7790
9036
7113
2709
7210
2887
6249
8551
9466
4662
8632
1778
6165
7631
7251
7424
5875
8389
6337
4393
3703
2751
3331
2563
7774
1414
2289
7405
4958
2488
8597
9171
4060
2911
1409
2394
4368
780
7180
8067
2839
7230
2305
3220
8832
3939
2507
9411
2600
3017
759
8086
3073
5957
5445
4
2985
2226
3477
646
5446
6054
5659
5465
3272
4175
5014
8462
8259
9184
6866
7724
3108
5772
9558
5914
4289
4128
4780
2797
8732
4577
9254
632
9717
4818
814
6518
8720
9577
7721
5926
3889
5246
7494
9373
375
9810
4753
3056
6642
3921
4150
6581
3605
2542
6408
4709
6766
3728
8608
813
3044
7625
4600
4643
9918
925
607
3496
7955
5903
3408
9750
4251
2817
5466
8495
929
7208
8535
4541
479
7212
3384
9266
1218
6206
3630
5577
8037
2583
1832
9922
339
3335
8834
2120
5769
2335
7404
6289
8989
7061
7227
9777
9151
5830
5142
2675
8612
7276
8962
9383
6326
5235
7722
9874
9531
8223
1388
9948
8379
7536
4735
8927
473
7477
3038
9618
8932
5259
8977
6173
345
8515
5442
3362
9206
4068
9114
4970
2784
8317
9670
6413
630
6707
338
7026
2970
6159
1002
6853
9122
1872
2321
7617
9986
7720
7085
9828
4515
8344
2947
5644
4723
4344
974
3465
2735
6307
7846
4795
5352
8786
951
3575
3682
6276
4153
7044
4786
3431
4779
5061
9397
9650
5606
6207
7874
5345
6198
29
8537
2745
4945
9601
3343
8577
5088
8466
1852
600
2404
2983
8419
4732
9816
6583
3669
1225
3624
5626
7447
8738
8828
2934
9374
2188
6516
2687
7405
8742
7976
4229
9038
4267
6911
3247
9422
4048
3144
2499
6437
9900
2247
1302
557
7696
6291
5284
6208
3109
9640
9842
6651
9736
8282
1042
9355
8434
2717
4168
8344
4699
8158
4201
851
7425
425
9032
8653
7663
6059
9599
9155
6764
1594
8950
5254
3576
2717
4635
691
3952
3355
4013
6274
8004
4057
3489
8877
7944
8284
5277
3902
2130
4683
1037
1654
3195
9194
4403
1155
3651
5099
3911
359
6057
5575
3246
5575
591
6431
2095
2531
2440
5839
8953
9304
7018
8211
519
2943
7468
7684
282
8261
4551
7600
3094
5538
5467
4246
4109
1964
9242
517
7635
2316
5149
4564
9822
5659
4923
9391
8151
3801
3843
7909
9101
2032
5947
2147
1552
5821
7736
3541
8886
5603
3269
3223
8849
7973
9258
2807
9171
7914
5795
7786
4299
9031
1159
8996
3476
2949
1677
1496
9980
7589
4931
8877
5451
8135
3212
9194
117
8208
8833
9562
4264
8999
6067
5459
5199
1810
9044
4398
914
2416
1484
6299
7888
3618
8156
3986
6756
3365
3367
9941
3781
9729
6882
969
1909
8804
1489
1197
9713
7280
8852
5969
3718
5790
7098
4465
903
1477
5981
988
7845
2760
1295
6287
7414
249
1580
7343
4625
7872
2559
7949
3039
6960
4923
8581
1355
8564
2071
9248
1972
1921
8725
3226
9040
1936
5559
3985
8969
2474
8824
1606
9013
6275
8987
4110
6219
2576
5953
3486
1618
6160
8846
324
1454
3437
3152
6238
595
3481
8970
6331
2209
431
5472
2513
486
7000
6465
1781
8326
4432
6019
8099
8748
5353
1570
8737
7299
7860
3099
9888
157
7516
4890
591
276
686
9867
630
3639
4366
9759
2564
9113
2087
9401
7798
2559
7151
64
3107
779
2756
6947
3455
6554
9337
4699
4619
7002
9184
4130
7133
4877
838
9554
2728
8650
1498
8182
431
3956
8719
4552
4230
8713
2231
1683
497
676
4640
2929
8438
80
2020
6674
6839
3578
9520
6170
5954
7252
1233
6191
3766
9608
7268
2885
6216
7679
7336
1752
1143
7521
5595
9446
7588
8467
6901
9970
1951
6054
8273
2488
5127
5971
3502
951
9736
855
9355
3565
4440
9746
9246
3492
1780
2432
2656
442
5252
263
4557
6670
2732
5692
3624
7912
3513
3438
1424
5497
4449
3225
2047
1185
9769
4267
9095
8065
9373
6579
1941
7881
577
2137
6821
4938
9132
5630
2972
9769
4637
5381
9399
6521
7850
2204
2833
5089
6312
8042
1123
2310
2554
6860
1582
9451
1344
2100
2769
911
8228
9396
4134
194
4596
5216
8424
9125
370
5795
8815
5309
7505
5573
3720
2899
7678
3243
5944
534
4345
3983
1423
658
3451
5037
8044
1031
8242
2890
7865
6994
5972
6925
8202
5563
3922
9305
3295
2304
8559
1277
9286
8119
7161
6915
2703
7485
2662
5480
6051
2875
3306
8837
2480
8832
148
697
2136
7885
4400
4054
8622
8246
2480
7187
3505
895
4150
8382
7474
6972
6395
9012
1406
3167
9182
674
5088
6336
9676
5513
2010
7372
5243
8945
5981
7101
4160
3812
16
3900
5176
1392
7729
847
6348
8902
176
3256
868
919
7461
1672
3136
6878
9583
1318
528
697
1974
1449
510
6284
3792
4765
2992
5382
2049
2513
6049
3585
5942
7305
1
1916
765
9201
1459
1180
3670
984
6311
6547
1447
1802
6602
1773
9704
3945
810
9692
2583
7426
2970
842
3789
3103
7864
6090
5045
7899
4901
8424
7021
9190
6489
8403
3600
8681
9702
4350
5491
466
8013
6860
2911
370
517
6678
6385
1102
9468
7061
9180
7913
1478
7869
9440
917
876
7168
6337
7503
4465
6377
4463
1742
5961
797
8231
4116
7811
3999
367
5865
1816
3705
5822
5550
9198
4812
5880
5695
2020
4724
2597
534
1372
5447
2900
9511
3182
3003
9182
4195
9413
6713
3752
1708
4263
9605
670
9610
9581
6011
6995
6548
8770
3864
7060
3723
9295
7887
2462
6338
8107
1824
1301
2460
2358
5906
7615
9491
7010
2020
6147
2601
5923
411
2082
7566
9208
2656
7990
2147
1402
8086
3019
9549
4629
4286
8997
9217
9581
3349
8836
210
3815
3236
8081
7017
8798
6308
9447
4459
815
2450
5311
3983
1756
6919
6357
5085
9160
8290
8536
9682
7510
327
1117
1783
8912
1946
6710
3284
7547
6340
350
8048
8403
8508
8148
6408
9885
7594
7612
2121
679
1701
5751
8547
3335
9563
4468
1745
8059
1224
8109
6192
454
6885
8637
2335
1042
2015
4688
4787
6270
9170
5301
7291
7319
1539
460
9438
2261
9856
4950
3387
5161
9239
1738
755
845
9839
9366
5812
9915
820
2558
2859
2277
3487
5866
6461
2980
1000
3524
8024
869
4622
6317
5982
5828
5814
7811
8188
9546
7519
5777
9303
5238
8019
6803
4678
3077
6821
4799
8262
5534
4573
4088
6418
6745
1207
4733
5726
2040
7163
6190
9279
164
9223
2757
6419
5185
3459
9855
1653
1449
2932
9614
7658
1945
8778
5847
3759
2485
7912
2485
2126
3142
1816
8930
7910
5775
1714
8870
1984
1034
9540
2698
2899
2290
8309
2526
3121
8060
7149
3132
990
2829
9369
6036
9181
4622
3081
4578
9441
2837
2296
8652
9785
7912
1179
7726
6975
2786
7295
4315
2246
7472
7130
2465
3515
3388
3308
388
5966
585
1946
7500
7252
4707
6101
9982
7145
170
7763
1407
9546
1254
3114
1651
732
5771
7184
13
8826
8395
3159
1633
464
4672
626
9348
6251
4565
8286
5985
7003
6041
9675
3698
8932
1896
1221
1849
4650
9388
6827
613
4327
3214
8735
1697
8958
2235
3746
6568
6754
4734
2798
6515
4790
4569
1639
1185
8791
9895
3257
987
4624
4440
1134
6406
3947
4649
3483
9090
4663
9968
8458
883
9929
7100
619
4737
147
701
1781
5417
7648
3198
1123
8106
2795
4497
7263
849
2313
3022
7098
2285
1352
6293
6184
5331
757
8489
8201
8999
5230
2641
6184
2539
6822
4725
2729
5389
5415
1118
5366
8449
2279
15
3103
7841
4509
4307
8706
1389
1841
3211
6663
1078
8091
8905
3030
8336
700
4773
4427
9879
1191
4078
6213
5278
9135
5762
1495
53
4814
9314
4357
1079
3962
9257
6443
4543
3008
9552
1359
6022
245
6993
3294
4210
4950
3671
6600
3632
2143
2239
6171
7033
8253
8866
5742
7248
8172
343
8146
5442
6704
1388
3436
7802
7247
4035
8808
1069
3606
3578
9653
6131
1510
7216
58
9474
302
2748
6316
66
8799
2031
5892
138
7510
9732
7326
8689
2245
7549
6100
4940
4375
7832
4497
2215
2472
2449
7887
4008
4843
2824
3357
4594
323
4269
1124
885
8298
8538
4204
9098
2241
7036
7153
2528
1481
2919
7652
1009
6486
6126
8454
334
5366
6997
9454
394
9946
9471
346
4741
521
8140
355
6872
4645
5221
8680
1278
6498
5174
1215
4121
8342
7640
3460
422
2627
2020
9249
5496
9266
474
8191
7131
4609
8403
3199
5606
919
4732
2476
8759
9316
6916
7664
5102
5450
7885
1131
4520
1579
1558
872
162
617
4708
780
5029
980
9437
6677
3130
2668
2396
5147
8416
3183
9397
8032
1006
7603
7873
1548
4969
8253
2312
9507
589
8201
4303
9506
6627
2320
1042
9505
8927
653
2258
473
8362
2679
169
1805
9449
5865
2517
4656
5321
5739
5887
5680
442
6894
5177
4815
8956
4550
4451
9073
713
4998
1148
2800
7999
7154
796
3102
8639
6930
9240
5670
1461
5655
9305
2657
1744
5068
692
4317
2398
1424
4857
8985
6080
6088
2301
4178
3469
1967
8605
6477
4377
1181
6537
2631
8854
5118
7067
3939
4604
1376
685
5889
8411
5613
4707
3443
4163
9216
8714
7142
1474
9625
1843
8239
6959
6825
9409
3966
821
2143
9557
846
1764
6622
9433
903
314
2337
234
621
6312
8926
9261
1636
5567
2103
2629
831
7292
9414
8547
5480
9411
3368
3033
2149
8862
281
5926
2995
8249
9936
5602
522
9839
5363
1625
1622
5799
9312
5597
5891
333
6314
5260
4438
132
7050
8597
1181
9574
8281
262
3873
4567
2649
4347
9235
4205
80
750
3715
8958
449
4730
7496
4026
3494
829
5375
9813
4409
8147
610
4147
4849
5169
9573
9767
3040
2051
7575
9185
5726
669
2480
1868
1787
3931
222
5224
2487
7581
3017
1770
9580
9669
8273
2414
8687
6892
6194
5147
7657
5117
3007
3298
7159
5652
6453
2120
8607
6397
8761
9045
4052
5774
8993
9281
1901
54
947
48
2202
8347
224
3057
6484
3079
9317
2318
591
2979
4669
1945
1126
1028
3027
1962
5638
5445
5441
7104
9649
6333
1750
7875
6251
2777
6125
4382
7210
5270
4234
2976
6860
9377
3041
9821
3033
8858
2428
4807
779
4854
4410
1458
1169
3781
6215
8105
5804
6324
301
2629
4353
9425
1787
6864
1168
1249
4560
4112
8947
3159
2526
3712
9710
7668
7825
2535
5259
4528
3715
319
8703
2230
1795
9606
9664
2494
5472
152
2440
2603
4520
9519
7939
1661
2337
7821
67
7681
3183
3702
8197
9390
8344
6737
4476
8485
674
7496
2707
5941
3753
7373
1429
6253
1696
8240
4495
7473
228
9583
4197
9133
7246
1086
2105
9602
1107
5672
9505
8766
4645
4331
8022
9319
4067
6724
1276
7583
9641
1537
7310
869
1547
9556
788
1512
8940
2173
7787
3853
1559
3884
6394
1106
427
5588
4456
404
6864
4792
8380
5045
9507
2904
4232
7703
2376
1723
9316
6018
6786
9899
2305
5063
8386
3329
3331
1679
3244
9250
5631
6948
1115
7559
3277
6197
6616
1712
6475
9467
8578
5420
7128
5012
256
8744
3750
3512
1123
9180
1035
794
5853
9982
6736
5502
8487
9136
6961
8789
9893
8986
1254
8622
5364
2088
5190
4373
8170
5962
6086
4094
200
3638
9167
423
2908
5605
2307
7998
4843
4286
144
2290
6765
1155
9928
8876
1412
6918
9561
9305
4706
8891
4320
6757
3876
47
1801
8298
2093
6147
4553
1089
3472
4908
452
8059
5306
7847
7276
9666
7120
7642
6305
2575
8321
6329
5192
104
571
9532
1995
6012
5192
4163
9680
8865
7722
1618
8710
4207
9272
5472
4672
1216
7388
2448
3065
3144
1822
9484
9054
4675
5960
1422
4744
7266
7247
8341
8310
7427
2345
6798
7152
4349
2714
8218
48
3238
8440
5708
4093
5610
9571
4375
9872
3049
94
3270
3065
8156
3928
8066
8896
6252
5640
5379
7009
4050
2502
7912
7316
6326
4865
5617
5114
7606
1213
5736
5417
1601
4942
6183
6539
7722
9009
7139
6520
5800
5423
3366
2239
4908
1786
5076
4933
7960
703
5583
6465
151
8659
3251
3298
5062
1027
9419
7784
690
2842
6805
6633
4027
5611
3207
5616
6881
47
6043
518
7752
8779
5545
5351
685
8008
8519
162
6847
8002
4696
9549
9660
2874
3493
2783
9848
9705
9861
7958
4241
9802
7789
4627
2687
3642
8152
2594
3708
3591
3009
1934
6115
9614
364
9142
729
2309
249
3242
6771
2825
5845
601
7790
6789
6469
624
7597
828
9132
9763
8963
6198
3244
7962
9764
2895
6104
1677
2851
6822
1317
8646
8377
5701
5127
8940
7626
7424
1866
8024
6633
1098
7964
516
3322
2961
70
9732
1438
6920
1282
4350
540
1088
5369
3301
899
3203
9102
3709
5092
5025
9363
1146
4395
1237
6652
2016
5906
4443
780
1712
70
9858
173
7209
7355
7469
2206
8126
7287
7237
2805
8898
6117
6658
4772
1096
6494
8994
5573
7503
7929
6459
5889
2043
2508
3828
6250
4579
3341
4906
6167
6797
1865
7548
3560
9515
7162
3396
8007
5102
5893
9269
5138
6685
9
7962
684
329
4826
4791
8177
9911
9804
259
56
1250
2335
9860
6306
2754
318
6371
9413
2848
9295
7841
975
7989
7913
3661
9767
5000
3063
8542
4148
815
6638
1296
2177
8873
604
3061
5141
7633
466
8591
5433
9703
6219
405
2592
8099
2912
8855
2107
8607
917
2668
4783
9233
2921
2187
7855
8617
5346
1317
6709
429
9643
8087
7152
8023
7835
2713
6192
7874
6275
1369
3224
6997
3285
6449
3361
3888
5071
5285
6613
1533
1391
9854
3286
1132
139
875
8904
1311
7337
9786
5284
63
2699
8362
6291
5674
2927
5129
7019
7118
9452
2408
3623
269
2619
4486
5737
7668
1654
5079
7273
211
174
8097
3268
2106
8971
9127
5819
2879
6100
2934
8589
8605
9927
4043
1600
2872
4812
6369
2250
5499
5886
5308
566
9841
4617
7228
8311
9537
5926
3318
7554
9259
6863
5516
614
2985
7982
8365
1674
6765
99
2459
6450
8661
7772
77
3786
6401
4944
8577
6053
5248
6698
3496
1773
3155
4571
351
609
3881
8642
5203
5648
7303
9420
7359
3792
358
325
1813
165
8235
1825
5059
2696
1162
1512
4289
141
38
5039
2773
2879
9689
4091
2140
825
1149
8617
641
3761
361
1879
5096
4544
7879
759
6982
9863
7473
5360
2342
2827
37
6744
4542
4523
8902
6854
1037
189
1733
4279
4363
9883
4912
4289
4150
6027
7841
6484
2563
5326
5570
3684
3400
4028
486
4686
6192
9957
1845
7871
2550
126
9816
4347
1685
7384
3335
4730
7936
9624
4011
9160
9757
1814
6118
8113
4914
8616
1772
1641
9774
5203
4220
8162
3505
9027
3018
1498
8858
7282
5037
6940
615
8607
3682
247
6070
4045
3142
4049
249
2391
4362
1849
6864
9794
9118
4903
7861
7587
4819
8039
8332
444
2429
7099
3407
5247
2375
5588
4430
5980
3325
7193
7919
2492
2499
6804
6884
3382
578
4480
1084
6580
3073
1591
1972
6852
6370
3658
