-997647165
-997079039
-988623329
-988595243
-988255139
-985827711
-984568126
-978143013
-975773919
-972810961
-972332340
-971746614
-971699118
-971352802
-968067105
-965990917
-960179230
-959576862
-958058504
-956140503
-955222614
-955047690
-952151893
-950842058
-947612784
-938251921
-937089423
-935162271
-930259062
-929032785
-928542768
-924680909
-923212385
-917719513
-915551570
-915108482
-914696308
-909586147
-909176833
-909051999
-907706178
-903694763
-903242382
-902327705
-900802897
-900172149
-895655774
-893948578
-892579652
-892400717
-888626685
-888075324
-887951123
-887221914
-880128300
-869955841
-868686052
-866756924
-866727792
-865542368
-862905943
-861010313
-860862999
-859753895
-857265030
-849127120
-848357281
-845470404
-842838297
-842655732
-841352504
-840397039
-834496751
-834162587
-830759222
-830050396
-828082104
-819939120
-815261032
-815091871
-809750549
-807545122
-807489992
-807149237
-806457646
-803983304
-803953579
-803137321
-802967060
-799474434
-792921738
-792599990
-788641507
-781758009
-781281884
-779386936
-776370561
-775720624
-768314209
-767952719
-765382659
-764978025
-760059945
-755361466
-753633697
-753315756
-753222504
-751851914
-751204658
-748975172
-748969700
-747922519
-747839969
-746887499
-746725451
-744043369
-741468728
-741023763
-740269702
-738827743
-737511903
-736121888
-733965091
-733333655
-729304023
-726361980
-724257803
-720907099
-720212882
-717977048
-717188743
-715724634
-715030347
-714117408
-711833664
-709431272
-708841946
-707221294
-707130071
-703420672
-702391619
-701762851
-701435065
-698432937
-696053231
-689452096
-685999111
-685570831
-683112846
-681969072
-681439588
-678537354
-677967454
-676717900
-676546496
-676180463
-675837801
-675753902
-675460190
-673094682
-672396070
-671452867
-671044578
-665102679
-664270062
-663719504
-660121624
-656350592
-653698177
-647387209
-643699585
-643589596
-640281007
-640068864
-639717386
-639615997
-639567493
-638797997
-638345157
-637341420
-635789380
-632616508
-627878258
-627304308
-623893499
-621360735
-620012280
-618284365
-617227750
-611207268
-608195725
-607156591
-605806546
-601649318
-601138949
-599242986
-598356008
-595846561
-593171146
-587422820
-587244721
-581750030
-575574702
-573949206
-573066168
-572455912
-572392673
-571564870
-566655836
-566330336
-564901201
-561456040
-557888426
-557696068
-551102328
-551015726
-548058616
-547782475
-544534886
-539104230
-537829213
-536358695
-536055369
-535907910
-530413720
-528586133
-527984856
-525953189
-522418327
-519995727
-519060622
-516539804
-515136269
-507427330
-507178344
-499067205
-493476273
-490305007
-483593962
-478776268
-476197350
-475399023
-475035706
-473828931
-472839282
-472806858
-468737198
-465558434
-462234428
-460907110
-460418576
-459093423
-457470706
-455028239
-451929699
-451622729
-449189631
-448431615
-444035607
-442237570
-441224019
-437971099
-437239491
-435109117
-430893380
-430712844
-429418931
-426659173
-426389443
-426071803
-424279957
-422217067
-422027270
-420576556
-418364217
-417788439
-417203332
-415391786
-410075562
-409587342
-408916148
-408513287
-406727318
-405405847
-402623579
-402121737
-400085997
-394176574
-393960713
-393166065
-391101469
-388688124
-381067712
-378176261
-371826149
-371102347
-370412106
-366804806
-360631011
-359909611
-358693824
-358264556
-357081005
-357039179
-351159861
-350225453
-341452288
-341116269
-341056269
-340522085
-340373084
-336864311
-334191711
-330751885
-330697642
-326968161
-326778098
-326190715
-323625352
-322592320
-317923146
-316397101
-312980559
-310265754
-304777091
-301048443
-298353249
-297160161
-293393301
-291289716
-291090079
-290051676
-288006348
-287441876
-285461682
-285393151
-284960158
-284469205
-283699808
-272522332
-272169412
-270169317
-268085251
-267950786
-266567012
-265150182
-263924254
-263755774
-263598735
-262741964
-262549929
-262505527
-261642392
-259802500
-256391769
-256370413
-255595949
-253058678
-248010147
-242051311
-240224045
-239367625
-238451500
-236925411
-236482222
-233800039
-231805927
-228300739
-222332181
-221977497
-221124824
-218790491
-216863091
-213274882
-212732425
-212033473
-204997651
-204567795
-204475337
-201588005
-200671417
-200404060
-198756681
-197223597
-196622490
-195324106
-192655793
-192101862
-191391633
-191387691
-191293003
-190745138
-190248619
-190045308
-183242211
-182740527
-175673967
-169832060
-166408732
-165848918
-163995805
-162935152
-161737388
-156236643
-155829650
-155804096
-155798385
-154047119
-153839181
-152885572
-152684283
-152619870
-150393041
-149872660
-149024855
-148873547
-147549292
-145917663
-145626819
-144067583
-142272283
-141297724
-140618015
-138975891
-136639288
-136146641
-135009969
-133334046
-132290284
-129651753
-128527259
-124827300
-120559931
-119897861
-119334837
-118644613
-118091454
-114900553
-112752070
-107795473
-104999941
-103568967
-103245017
-98197446
-97059045
-87975172
-86878447
-83847139
-83014730
-82038395
-81803078
-79786175
-78100224
-77761720
-74502717
-72783447
-72416156
-72353574
-71886032
-71078480
-70889778
-69602493
-69416693
-68817923
-66339565
-65502541
-59999185
-59006255
-54467558
-53428014
-52152574
-50852340
-46297530
-45603951
-40460520
-39416155
-37490893
-37110512
-35099922
-31517508
-29989073
-29752578
-29600221
-23212221
-22929743
-21172114
-21121311
-17638822
-16412333
-15011507
-13280088
-13138591
-9672347
-8688284
-4729843
-4071186
-3970546
-3048242
-1293405
707800
1015943
3904016
4547672
9432483
11321406
11541480
11811494
14872727
15126172
18024496
19287681
23027655
24207762
24863221
29026826
34308937
37704548
39017060
39160096
39164581
39239718
41906896
42087813
42488962
43873707
44179409
50820767
51473123
52626759
58486041
61567325
61629586
68989585
70269228
70435485
71301522
71643104
73861461
75451804
76432458
81304414
89357380
91052044
92695790
96132572
98062066
98959694
103768148
105218005
109005580
109695045
109777444
110440296
113605895
115968337
120950508
125768611
126600214
127175251
128422261
132089096
134113108
134751229
137146780
137539134
138789006
141685423
146957324
150120351
151169641
153354070
153732736
156786557
157095673
160824142
162070350
162640573
163065727
167391261
175368804
175862588
176294986
176432588
177995903
178927281
181822350
182733373
186631989
189222045
190414664
192287700
192406837
192634932
193481632
198752021
198795453
201182358
202365499
204716337
206473719
206880285
212069445
213828081
214495196
214731519
221792598
230522477
236506651
236622837
239794412
241098722
244603344
248257230
250206416
252386171
255092085
256085768
256871143
257099572
257946442
258612245
261118987
261679777
264255465
264996288
267031126
267952529
268782717
273220196
274315614
274682373
278443867
279102081
281455888
288206298
290569268
292409599
295068224
299216348
299627881
300031853
300070656
300188036
301164422
302957888
304339851
307933364
309781595
309853161
312314885
312868948
319092718
320925786
321582540
322125523
322214074
324172145
325393886
326518338
326640297
333272152
342348513
343167865
344651491
345834235
346611399
347215720
350150975
350466753
350977824
352971963
355041193
356261310
357591785
359182135
360206234
361661554
370166200
372611463
372813596
373656239
375950026
376503081
377067121
377171502
379849710
382832227
382859137
389229305
391271213
393338461
394936135
396066299
397225591
401782847
402414228
402721690
406905035
411043644
415753117
420260797
421740332
422380196
422761582
428399687
430196852
432536662
437113220
438325728
438859255
441966906
444926910
445383507
448864909
452846280
456364839
456406567
458813278
459420401
461812123
463785756
465540278
465643084
467846254
470724259
471394657
473539602
474391165
475303724
476279789
482437606
485437379
485740455
486087600
490735663
492599120
494005057
495334082
507636616
510019776
511657647
512074808
515399134
518583198
519349354
524250116
526066407
526333215
527194796
528759423
529199446
533462883
537757878
540999709
543084743
543418361
544317616
548941998
549278266
550739010
551136753
551250310
553263917
555662068
557860909
558749789
559569158
559621427
562453177
562477843
565445569
568460447
571125451
575115114
577948634
577993300
580597082
585576041
586350194
587840198
590991929
591122514
597958564
599184896
601372167
602647277
603413514
609392117
610194495
610553439
610817845
612141712
612774263
613513809
613541477
615553970
616685008
617387057
622798298
623595554
624226018
625788403
629163437
630105258
633584268
633889230
636305847
641255201
642723238
644670261
645375701
648174578
648697596
649470771
649884301
661900911
664312127
665418753
667041834
670944934
671866759
676620019
683195201
683750074
688160227
688548325
690192468
691665889
695252413
696313134
696707433
698440685
701113164
702693879
704434214
704551860
706114205
706179814
706561473
706669277
707990211
712870323
716679787
717348679
719065750
721320186
722030820
724539209
724598502
729218701
730435777
732912456
737832254
739043931
739347715
743147386
745603746
746559628
748961407
753703173
753897452
755055092
756030509
758455249
758642688
759221301
760205930
764269184
767110635
768423047
771565666
773042590
775135440
776521753
779121022
779222808
782068282
782786007
783370392
784001977
784779568
785653522
786446332
789485489
790263387
791690432
796260213
797702717
797871227
799199012
800456351
806505315
809674127
809714495
811379549
812739487
813261757
817704841
823517722
825989545
826663880
826981095
828532644
830105073
830677694
831009685
833118304
834227904
836117130
836345206
838229211
841118727
841507440
841765835
844112051
849592297
849957808
851516097
851808383
854035175
855513635
857178854
857629794
858239323
865471790
865695363
866421916
867498192
867666847
867981118
868883962
870255475
870805157
871064736
871649128
873943123
875967595
877057580
877093344
879639052
885867156
886242675
887072016
887394726
889107963
889373234
890542067
891323755
891624270
891759442
898154107
899674409
901390464
905332500
905589463
910107095
912294103
913777949
918282284
918592461
922397250
923333726
929690973
933301277
933875821
933876522
934111423
936502450
938632574
938925331
941358008
942877427
945065555
945741011
946489712
947220237
947723509
948985686
949135378
950525691
951147799
953433759
954757428
956530967
965279813
967329439
969804413
971721286
974177680
974589180
977886905
978806515
982824419
986301417
987131394
989152300
990862710
995596116
999368303
999969928
