-499067205
-830050396
565445569
702693879
343167865
918592461
706179814
-204997651
-394176574
-336864311
-228300739
11811494
-190248619
-9672347
722030820
-845470404
-572455912
946489712
649470771
23027655
261118987
-635789380
889373234
273220196
-128527259
933301277
42488962
24207762
-776370561
-148873547
987131394
377171502
-29752578
922397250
1015943
320925786
-40460520
-430893380
945065555
-204475337
-637341420
355041193
-685999111
198795453
-460418576
3904016
432536662
261679777
-200404060
-900172149
-248010147
-866756924
-124827300
-861010313
664312127
75451804
891759442
-35099922
14872727
258612245
153354070
406905035
767110635
41906896
192406837
250206416
244603344
817704841
-566330336
-65502541
-507178344
-887221914
300070656
156786557
691665889
-13138591
206880285
-701435065
-213274882
511657647
-31517508
-68817923
923333726
982824419
936502450
-537829213
768423047
-643699585
886242675
-149024855
-639615997
706114205
470724259
376503081
-525953189
70435485
162640573
319092718
239794412
-79786175
192287700
528759423
784779568
-621360735
176294986
422380196
-714117408
891323755
969804413
-753315756
-118644613
-162935152
-581750030
954757428
-733333655
887072016
999368303
612774263
-86878447
812739487
-198756681
-656350592
899674409
-69416693
-351159861
-430712844
-69602493
956530967
389229305
-256370413
-673094682
115968337
201182358
889107963
302957888
-978143013
-152885572
-765382659
841507440
-256391769
-753633697
-760059945
-988255139
-182740527
-598356008
-828082104
-3048242
-660121624
823517722
942877427
-45603951
625788403
-575574702
248257230
-263924254
-671044578
-52152574
-681969072
-323625352
452846280
-807149237
89357380
918282284
-536055369
-935162271
-81803078
-145917663
-119897861
257946442
885867156
771565666
113605895
537757878
-930259062
109777444
312868948
-960179230
707990211
-357039179
437113220
-888075324
851516097
-451929699
137146780
-557888426
967329439
-548058616
-475399023
-236925411
4547672
558749789
-647387209
929690973
834227904
844112051
-285461682
312314885
577993300
-819939120
-815261032
-866727792
953433759
-437971099
524250116
-16412333
-802967060
-767952719
494005057
-929032785
438325728
-677967454
-360631011
577948634
-515136269
134751229
-449189631
-422217067
-689452096
-984568126
512074808
-358693824
58486041
-437239491
393338461
825989545
938632574
-112752070
402414228
933876522
-956140503
-815091871
898154107
-676546496
-842655732
562453177
357591785
-618284365
-516539804
300031853
150120351
-781758009
-701762851
865695363
256871143
9432483
730435777
-736121888
485437379
629163437
394936135
-366804806
-72353574
-601649318
-270169317
255092085
-149872660
325393886
585576041
391271213
71643104
610194495
428399687
-163995805
759221301
529199446
-197223597
617387057
-938251921
-192655793
490735663
471394657
543084743
-683112846
98959694
-530413720
-507427330
-717977048
591122514
268782717
-312980559
-702391619
-291090079
-70889778
-222332181
-77761720
-340522085
163065727
-391101469
476279789
-22929743
-370412106
-892400717
-192101862
-231805927
533462883
-895655774
683195201
274315614
-671452867
-23212221
176432588
-681439588
-709431272
706669277
-952151893
-316397101
-310265754
-154047119
519349354
-104999941
-807489992
-587244721
-238451500
623595554
-39416155
-267950786
704551860
-410075562
346611399
230522477
322214074
-152619870
-696053231
-97059045
15126172
422761582
948985686
186631989
-720212882
-528586133
-653698177
-183242211
98062066
-165848918
-902327705
415753117
934111423
877093344
39164581
-638345157
-212033473
-726361980
-408916148
175368804
-15011507
871649128
-191391633
841765835
-400085997
-54467558
-640068864
-627304308
891624270
-972810961
-78100224
912294103
-435109117
854035175
724598502
126600214
-551015726
157095673
776521753
-444035607
300188036
-620012280
527194796
-13280088
855513635
458813278
-326190715
-293393301
701113164
160824142
974589180
510019776
875967595
127175251
910107095
153732736
292409599
-907706178
-236482222
465540278
865471790
-848357281
836117130
-326968161
978806515
43873707
-958058504
-664270062
370166200
-133334046
-617227750
797871227
833118304
518583198
-572392673
559621427
-330751885
-849127120
-255595949
278443867
622798298
-441224019
91052044
-888626685
648697596
-1293405
-985827711
633889230
905332500
467846254
753897452
-971699118
352971963
-643589596
-142272283
871064736
549278266
-544534886
-522418327
-675460190
-928542768
-240224045
-272522332
-988623329
877057580
-788641507
401782847
421740332
610553439
602647277
724539209
19287681
-803983304
162070350
-571564870
-161737388
739347715
-744043369
309853161
-547782475
-751851914
779121022
-803137321
901390464
-472806858
789485489
-880128300
-857265030
800456351
706561473
-169832060
350150975
791690432
322125523
616685008
868883962
177995903
-724257803
189222045
411043644
633584268
806505315
181822350
-475035706
-317923146
-359909611
-388688124
128422261
-676180463
103768148
290569268
947723509
-972332340
342348513
-393166065
-290051676
661900911
857629794
-429418931
299627881
-402121737
73861461
11541480
-284960158
-768314209
-834162587
326640297
71301522
947220237
-914696308
-155829650
575115114
758455249
-233800039
721320186
-378176261
-448431615
507636616
-152684283
743147386
-465558434
695252413
-424279957
799199012
-909176833
782068282
716679787
526066407
465643084
456406567
281455888
213828081
-265150182
192634932
475303724
-191293003
214495196
971721286
-3970546
612141712
-741468728
-268085251
-405405847
-72416156
-53428014
-803953579
-476197350
-733965091
-557696068
236622837
-451622729
-129651753
333272152
-917719513
-408513287
257099572
989152300
-37490893
-340373084
683750074
704434214
-707130071
-72783447
613513809
-259802500
-287441876
241098722
748961407
236506651
-746725451
-599242986
-675837801
137539134
-573066168
995596116
-746887499
-869955841
-29600221
-136146641
-519995727
-420576556
949135378
345834235
873943123
110440296
-120559931
779222808
696313134
-297160161
92695790
-842838297
543418361
-50852340
-781281884
841118727
-201588005
356261310
719065750
849957808
551250310
-136639288
-191387691
690192468
540999709
274682373
-21172114
775135440
-493476273
326518338
-357081005
430196852
-462234428
-135009969
-564901201
178927281
-288006348
601372167
-741023763
-381067712
146957324
-17638822
-830759222
206473719
-865542368
555662068
-737511903
-593171146
933875821
-478776268
676620019
-607156591
729218701
-132290284
309781595
-46297530
-406727318
-975773919
-239367625
913777949
-415391786
-640281007
831009685
-350225453
879639052
890542067
974177680
830105073
-834496751
267031126
307933364
-840397039
125768611
252386171
361661554
438859255
-460907110
182733373
61567325
190414664
-263755774
-997647165
-955222614
347215720
836345206
586350194
-566655836
-118091454
-409587342
712870323
29026826
18024496
696707433
-393960713
784001977
-608195725
870805157
782786007
838229211
-473828931
-218790491
645375701
553263917
-262549929
-792921738
786446332
-291289716
587840198
-263598735
-175673967
562477843
-8688284
39017060
571125451
-678537354
485740455
-426659173
-715724634
-145626819
-755361466
526333215
-605806546
790263387
-539104230
-262741964
138789006
-422027270
-74502717
-472839282
739043931
-114900553
-59006255
-809750549
-747922519
445383507
-587422820
990862710
372611463
120950508
109005580
167391261
986301417
-140618015
68989585
61629586
965279813
-639717386
688160227
813261757
420260797
-639567493
-887951123
-417788439
-334191711
951147799
-950842058
857178854
-859753895
867666847
-792599990
-923212385
-799474434
-868686052
809714495
221792598
698440685
-937089423
610817845
-903242382
-747839969
-298353249
492599120
671866759
-675753902
382832227
-903694763
548941998
559569158
-83847139
-611207268
-155798385
544317616
456364839
568460447
624226018
515399134
-573949206
-715030347
461812123
304339851
-971746614
52626759
459420401
746559628
-561456040
204716337
474391165
-358264556
-738827743
-764978025
753703173
-698432937
785653522
599184896
615553970
-66339565
773042590
96132572
-216863091
-221124824
717348679
-21121311
644670261
-595846561
887394726
-341452288
550739010
-909051999
264255465
202365499
-37110512
977886905
344651491
-284469205
-717188743
76432458
-676717900
105218005
-519060622
941358008
267952529
-417203332
755055092
-703420672
670944934
-59999185
-402623579
39160096
999969928
-965990917
-968067105
51473123
603413514
-138975891
-29989073
-190745138
372813596
609392117
-468737198
134113108
665418753
-283699808
613541477
-266567012
-457470706
132089096
-627878258
745603746
641255201
109695045
-418364217
301164422
-860862999
-775720624
-285393151
-971352802
193481632
-535907910
-893948578
397225591
-623893499
-103568967
870255475
-150393041
-753222504
11321406
44179409
34308937
24863221
-892579652
350977824
-155804096
198752021
441966906
826981095
375950026
212069445
-900802897
-242051311
590991929
-997079039
-527984856
-107795473
288206298
50820767
-195324106
382859137
-141297724
-740269702
-988595243
851808383
737832254
667041834
256085768
-551102328
151169641
-156236643
828532644
-98197446
-638797997
-87975172
-301048443
-711833664
486087600
551136753
-83014730
-685570831
905589463
360206234
945741011
-253058678
295068224
649884301
758642688
39239718
630105258
796260213
-341116269
764269184
938925331
-729304023
732912456
373656239
-442237570
648174578
359182135
811379549
-490305007
-748975172
-459093423
-82038395
70269228
642723238
-708841946
463785756
557860909
396066299
-720907099
-707221294
-71078480
950525691
636305847
707800
866421916
-147549292
-665102679
-915108482
-959576862
279102081
377067121
-261642392
264996288
-601138949
402721690
580597082
175862588
-221977497
-326778098
448864909
-190045308
867498192
-4071186
597958564
-272169412
350466753
-71886032
473539602
-166408732
-341056269
760205930
-806457646
867981118
-304777091
826663880
-262505527
37704548
-909586147
-212732425
141685423
-426389443
-371102347
-144067583
-4729843
299216348
849592297
444926910
321582540
495334082
81304414
-947612784
-841352504
214731519
-330697642
-862905943
-748969700
830677694
482437606
-426071803
-119334837
-153839181
-196622490
-536358695
797702717
324172145
-103245017
-751204658
-663719504
688548325
-204567795
858239323
-322592320
-672396070
-955047690
-371826149
-483593962
-200671417
783370392
-807545122
-632616508
-924680909
756030509
809674127
379849710
-915551570
-455028239
-779386936
42087813
